%==========================================================================
% This is the function for simulating Mcl-1 inhibition in combination with 
% ABT-199 treatment 
%==========================================================================
% Note: Here, timescale is minutes (or units of t_scale), and concentration 
% scale is nM.
%==========================================================================

function Run_mcl1_inhibitor
rng default
rSq = 0.0;
t_scale = 12*60;

% Protein data file has the following row order: MCL-1; BCL-2; BCL-XL; BIM; 
% BAX; BAK; aCASP-3; 
num_proteins = 8;          % number of proteins in the Western Blot data file 
%--------------------------------------------------------------------------
% Initial drug concentration for ABT-199 and Tedizolid treatment 
% simulations:
ABT_0 = 400.0;     % 400 nM 
Ted_0 = 5000.0;    % 5 micro-molar converted into nM 
%--------------------------------------------------------------------------
% Switches:
proceed_2 = 0;

%==========================================================================
% 1. Drug and transcriptin factor parameter values (previously determined in 
% Step-1/New-Jan-2019/cMyc-Chop-inVitro-try4-comb-delay-test-interactions):
%==========================================================================
TFPars = [1.159914, 0.027393, 0.972924, 0.106661, 11.425474,...
          2.146729, 3.284086, 4.849403, 2.669784, 3.7034320,...
          1.682787, 1.568424, 6.943936, 4.620715, 0.0001039,...
          2.423171, 208.89961, 0.863131, 2.285103, 0.499996,...
          0.418970, 382.49187, 1.288237, 20.22993, 5.736299,...
          0.920794, 1.5560653, 10.74388, 8.771861, 0.634600,...
          2.107549, 113.76057];        
%--------------------------------------------------------------------------
%(2) Parameter values:
%--------------------------------------------------------------------------
myPars = [13.669755696602916, 485.697261747894288, 1044.141691325814236,...
          1153.185096086854855, 7.192553700040385, 82.687472599671310,...
          452.154079358190415, 0.161810685573990, 3808.779122436302714,...
          129.902673437969696, 2.320021253551643, 11.452565945560234,...
          84.164288956134570, 1.729787988695099, 3.151231128658153,...
          0.602022914394669, 3.520635994758134, 1.440200545088872,...
          20.192519980890044, 14.705005047381947, 25.637206631177463,...
          1.950200147859286, 0.735094861939094, 0.846708465943897,...
          1.726707485864304, 0.530205713378790, 1.638885619999066,...
          1.858928933236780, 3.438405173378365, 8.080797703919686,...
          10.536611750584026, 3.706640794850193, 2.721147803974464,...
          3.922800957032131, 2.377366569413438, 4.620362679300571,...
          6.817649060433075, 2.060800458146430, 10.993215713647745,...
          0.521150510527861, 2.002345966157941, 2.727210293394596,...
          2.271195899462174, 6.699538751856998, 3.484730980617899,...
          3.721176559333263, 1.025447266055947, 1.702891500541281,...
          0.140738806893586, 1.019986323110426, 0.014757110602751];
%--------------------------------------------------------------------------
dp_myc_max_tilde=log(2)/15*t_scale; dp_myc_min_tilde=log(2)/180*t_scale;
dp_chop_max_tilde=log(2)/(30)*t_scale; dp_chop_min_tilde=log(2)/(4*60)*t_scale;
%--------------------------------------------------------------------------
dA_tilde = TFPars(1); dE_ABT = TFPars(2); %Already scaled by t_Scale
dT_tilde = TFPars(3); dE_Ted = TFPars(4);  %Already scaled by t_Scale
kA_uptake = dE_ABT*(dE_ABT/dA_tilde)^(dA_tilde/(dE_ABT-dA_tilde)); 
kT_uptake = dE_Ted*(dE_Ted/dT_tilde)^(dT_tilde/(dE_Ted-dT_tilde)); 
%--------------------------------------------------------------------------
kmax_myc_tilde=TFPars(5);
Kf1_myc_A_tilde=TFPars(6); nf1_myc_A=TFPars(7);
Kf1_myc_T_tilde=TFPars(8); nf1_myc_T=TFPars(9);
Kg1_myc_A_tilde=TFPars(10); ng1_myc_A=TFPars(11);
Kg1_myc_T_tilde=TFPars(12); ng1_myc_T=TFPars(13);
dp_myc_0_tilde=TFPars(14); kb_myc_tilde=dp_myc_0_tilde;
%--------------------------------------------------------------------------
kmax_chop_tilde=TFPars(22); 
Kf1_chop_A_tilde=TFPars(23); nf1_chop_A=TFPars(24);
Kg1_chop_A_tilde=TFPars(25); ng1_chop_A=TFPars(26);
Kf1_chop_T_tilde=TFPars(27); nf1_chop_T=TFPars(28);
Kg1_chop_T_tilde=TFPars(29); ng1_chop_T=TFPars(30);
dp_chop_0_tilde=TFPars(31); kb_chop_tilde=dp_chop_0_tilde;
%--------------------------------------------------------------------------
%Weights for combination treatment: (value from 0 to 1)
w1_myc=TFPars(15); w2_myc=TFPars(16); w3_myc=1; w4_myc=1; 
w5_myc=1; w6_myc=1; w7_myc=1; w8_myc=1;
w1_chop=1; w2_chop=1; w3_chop=1; w4_chop=1; 
w5_chop=1; w6_chop=1; w7_chop=1; w8_chop=1;
%--------------------------------------------------------------------------
q_myc=TFPars(17); %cooperativity for cMyc (for production) 
q_chop=TFPars(32); %cooperativity for Chop (for production)
%--------------------------------------------------------------------------
lags = TFPars(18:21); 

%--------------------------------------------------------------------------
% (2) Transcription factor parameter array:
%--------------------------------------------------------------------------
TF_params = [kA_uptake, dA_tilde, dE_ABT,...
             kT_uptake, dT_tilde, dE_Ted,...
             kb_myc_tilde, kmax_myc_tilde,...
             Kf1_myc_A_tilde, nf1_myc_A,...
             Kf1_myc_T_tilde, nf1_myc_T,...
             Kg1_myc_A_tilde, ng1_myc_A,...
             Kg1_myc_T_tilde, ng1_myc_T,...
             dp_myc_max_tilde, dp_myc_min_tilde, dp_myc_0_tilde,...
             kb_chop_tilde, kmax_chop_tilde,... 
             Kf1_chop_A_tilde, nf1_chop_A,...
             Kf1_chop_T_tilde, nf1_chop_T,...   
             Kg1_chop_A_tilde, ng1_chop_A,...
             Kg1_chop_T_tilde, ng1_chop_T,...
             dp_chop_max_tilde, dp_chop_min_tilde, dp_chop_0_tilde,...
             w1_myc, w2_myc, w3_myc, w4_myc,...
             w5_myc, w6_myc, w7_myc, w8_myc,...
             w1_chop, w2_chop, w3_chop, w4_chop,...
             w5_chop, w6_chop, w7_chop, w8_chop,...
             q_myc, q_chop];

%==========================================================================
% (3) Bcl-2 family protein parameter values:
%==========================================================================
% Parameters being optimized:
%--------------------------------------------------------------------------
% (a) Caspase cleavage parameters:
%--------------------------------------------------------------------------
kc_tilde=myPars(1); kcc_tilde=myPars(2); 
%--------------------------------------------------------------------------
% (b) Target steady-state untreated protein levels: (in nM)
%--------------------------------------------------------------------------
mcl1_0=myPars(3); bcl2_0=myPars(4); 
bim_0=myPars(5); bax_0=myPars(6); bak_0=myPars(7);
casp3_0=myPars(8);
%--------------------------------------------------------------------------
% (c) Background protein production rates:
%--------------------------------------------------------------------------
kb_mcl1_tilde=myPars(9)/mcl1_0; kb_bcl2_tilde=myPars(10)/bcl2_0; 
kb_bim_tilde=myPars(11)/bim_0; kb_bax_tilde=myPars(12)/bax_0; kb_bak_tilde=myPars(13)/bak_0;
%--------------------------------------------------------------------------
% (d) Protein production half saturation constants:
%--------------------------------------------------------------------------
K_myc_mcl1=myPars(14); K_myc_bcl2=myPars(15); 
K_myc_bim=myPars(16); K_myc_bax=myPars(17); K_myc_bak=myPars(18);
K_chop_bcl2=myPars(19);
